51
1 51 14 2
18 49 9 4
26 53 1 6
1 57 25 2
1 45 1 1
4 47 1 1
1 50 1 1
11 45 1 1
16 47 1 1
26 47 1 1
3 53 1 1
2 56 1 1
9 54 1 1
14 55 1 1
1 59 3 1
1 60 1 1
1 63 1 2
2 64 1 1
8 64 1 1
17 63 1 1
15 61 15 2
21 55 1 1
25 53 1 2
31 45 1 2
32 46 1 5
31 49 1 9
30 51 1 2
30 57 1 5
31 62 1 1
32 52 9 1
40 48 1 4
37 48 3 1
38 45 1 3
39 47 1 1
34 49 1 1
32 57 7 1
39 57 5 2
39 60 1 1
39 64 1 1
48 61 1 1
47 64 1 1
47 57 4 2
37 53 1 2
38 55 2 1
39 56 1 1
40 54 1 1
47 53 1 1
48 54 1 1
49 55 1 2
44 49 7 4
42 45 2 1